# Units are in mm. ECal is shifted by +40 mm in y relative to previous output.
# Coordinates are relative to ECal center, same system as G4SBS
# Number of logic patterns = 54
# Type 42: 999
# Type 40: 697
# Type 38: 81
# Total number of modules: 1777

#cell    x    y   size
 1698  -564  1391   38
 1699  -526  1391   38
 1700  -488  1391   38
 1701  -450  1391   38
 1714  -545  1429   38
 1715  -507  1429   38
 1716  -469  1429   38
 1717  -431  1429   38
 1728  -564  1467   38
 1729  -526  1467   38
 1730  -488  1467   38
 1731  -450  1467   38
 1742  -541  1505   38
 1743  -503  1505   38
 1744  -465  1505   38
 1745  -427  1505   38
 1751  -522  1543   38
 1752  -484  1543   38
 1753  -446  1543   38
 1754  -408  1543   38
 1760  -541  1581   38
 1761  -503  1581   38
 1762  -465  1581   38
 1763  -427  1581   38
 1769  -522  1619   38
 1770  -484  1619   38
 1771  -446  1619   38
 1772  -408  1619   38
######################
 1700  -488  1391   38
 1701  -450  1391   38
 1702  -412  1391   38
 1703  -374  1391   38
 1716  -469  1429   38
 1717  -431  1429   38
 1718  -393  1429   38
 1719  -355  1429   38
 1730  -488  1467   38
 1731  -450  1467   38
 1732  -412  1467   38
 1733  -374  1467   38
 1744  -465  1505   38
 1745  -427  1505   38
 1746  -389  1505   38
 1747  -351  1505   38
 1752  -484  1543   38
 1753  -446  1543   38
 1754  -408  1543   38
 1755  -370  1543   38
 1762  -465  1581   38
 1763  -427  1581   38
 1764  -389  1581   38
 1765  -351  1581   38
 1770  -484  1619   38
 1771  -446  1619   38
 1772  -408  1619   38
 1773  -370  1619   38
######################
 1703  -374  1391   38
 1704  -336  1391   38
 1705  -298  1391   38
 1706  -260  1391   38
 1718  -393  1429   38
 1719  -355  1429   38
 1720  -317  1429   38
 1721  -279  1429   38
 1733  -374  1467   38
 1734  -336  1467   38
 1735  -298  1467   38
 1736  -260  1467   38
 1746  -389  1505   38
 1747  -351  1505   38
 1748  -313  1505   38
 1749  -275  1505   38
 1754  -408  1543   38
 1755  -370  1543   38
 1756  -332  1543   38
 1757  -294  1543   38
 1764  -389  1581   38
 1765  -351  1581   38
 1766  -313  1581   38
 1767  -275  1581   38
 1772  -408  1619   38
 1773  -370  1619   38
 1774  -332  1619   38
 1775  -294  1619   38
######################
 1705  -298  1391   38
 1706  -260  1391   38
 1707  -222  1391   38
 1708  -184  1391   38
 1720  -317  1429   38
 1721  -279  1429   38
 1722  -241  1429   38
 1723  -203  1429   38
 1735  -298  1467   38
 1736  -260  1467   38
 1737  -222  1467   38
 1738  -184  1467   38
 1748  -313  1505   38
 1749  -275  1505   38
 1750  -237  1505   38
 1757  -294  1543   38
 1758  -256  1543   38
 1759  -218  1543   38
 1766  -313  1581   38
 1767  -275  1581   38
 1768  -237  1581   38
 1775  -294  1619   38
 1776  -256  1619   38
 1777  -218  1619   38
######################
 1626  -600  1230   40
 1627  -560  1230   40
 1628  -520  1230   40
 1629  -480  1230   40
 1645  -620  1270   40
 1646  -580  1270   40
 1647  -540  1270   40
 1648  -500  1270   40
 1664  -600  1310   40
 1665  -560  1310   40
 1666  -520  1310   40
 1667  -480  1310   40
 1683  -619  1351   42
 1684  -577  1351   42
 1685  -535  1351   42
 1686  -493  1351   42
 1697  -602  1391   38
 1698  -564  1391   38
 1699  -526  1391   38
 1700  -488  1391   38
 1712  -621  1429   38
 1713  -583  1429   38
 1714  -545  1429   38
 1715  -507  1429   38
 1727  -602  1467   38
 1728  -564  1467   38
 1729  -526  1467   38
 1730  -488  1467   38
 1742  -541  1505   38
 1743  -503  1505   38
######################
 1630  -440  1230   40
 1631  -400  1230   40
 1632  -360  1230   40
 1649  -460  1270   40
 1650  -420  1270   40
 1651  -380  1270   40
 1652  -340  1270   40
 1667  -480  1310   40
 1668  -440  1310   40
 1669  -400  1310   40
 1670  -360  1310   40
 1687  -451  1351   42
 1688  -409  1351   42
 1689  -367  1351   42
 1690  -325  1351   42
 1700  -488  1391   38
 1701  -450  1391   38
 1702  -412  1391   38
 1703  -374  1391   38
 1716  -469  1429   38
 1717  -431  1429   38
 1718  -393  1429   38
 1719  -355  1429   38
 1730  -488  1467   38
 1731  -450  1467   38
 1732  -412  1467   38
 1733  -374  1467   38
 1744  -465  1505   38
 1745  -427  1505   38
 1746  -389  1505   38
 1747  -351  1505   38
######################
 1632  -360  1230   40
 1633  -320  1230   40
 1634  -280  1230   40
 1651  -380  1270   40
 1652  -340  1270   40
 1653  -300  1270   40
 1654  -260  1270   40
 1669  -400  1310   40
 1670  -360  1310   40
 1671  -320  1310   40
 1672  -280  1310   40
 1689  -367  1351   42
 1690  -325  1351   42
 1691  -283  1351   42
 1692  -241  1351   42
 1703  -374  1391   38
 1704  -336  1391   38
 1705  -298  1391   38
 1706  -260  1391   38
 1718  -393  1429   38
 1719  -355  1429   38
 1720  -317  1429   38
 1721  -279  1429   38
 1733  -374  1467   38
 1734  -336  1467   38
 1735  -298  1467   38
 1736  -260  1467   38
 1746  -389  1505   38
 1747  -351  1505   38
 1748  -313  1505   38
 1749  -275  1505   38
######################
 1634  -280  1230   40
 1635  -240  1230   40
 1636  -200  1230   40
 1637  -160  1230   40
 1653  -300  1270   40
 1654  -260  1270   40
 1655  -220  1270   40
 1656  -180  1270   40
 1672  -280  1310   40
 1673  -240  1310   40
 1674  -200  1310   40
 1675  -160  1310   40
 1691  -283  1351   42
 1692  -241  1351   42
 1693  -199  1351   42
 1694  -157  1351   42
 1705  -298  1391   38
 1706  -260  1391   38
 1707  -222  1391   38
 1708  -184  1391   38
 1721  -279  1429   38
 1722  -241  1429   38
 1723  -203  1429   38
 1724  -165  1429   38
 1735  -298  1467   38
 1736  -260  1467   38
 1737  -222  1467   38
 1738  -184  1467   38
 1748  -313  1505   38
 1749  -275  1505   38
 1750  -237  1505   38
######################
 1635  -240  1230   40
 1636  -200  1230   40
 1637  -160  1230   40
 1638  -120  1230   40
 1655  -220  1270   40
 1656  -180  1270   40
 1657  -140  1270   40
 1658  -100  1270   40
 1673  -240  1310   40
 1674  -200  1310   40
 1675  -160  1310   40
 1676  -120  1310   40
 1692  -241  1351   42
 1693  -199  1351   42
 1694  -157  1351   42
 1695  -115  1351   42
 1707  -222  1391   38
 1708  -184  1391   38
 1709  -146  1391   38
 1710  -108  1391   38
 1723  -203  1429   38
 1724  -165  1429   38
 1725  -127  1429   38
 1726   -89  1429   38
 1737  -222  1467   38
 1738  -184  1467   38
 1739  -146  1467   38
 1740  -108  1467   38
 1750  -237  1505   38
######################
 1637  -160  1230   40
 1638  -120  1230   40
 1639   -80  1230   40
 1640   -40  1230   40
 1657  -140  1270   40
 1658  -100  1270   40
 1659   -60  1270   40
 1660   -20  1270   40
 1675  -160  1310   40
 1676  -120  1310   40
 1677   -80  1310   40
 1678   -40  1310   40
 1694  -157  1351   42
 1695  -115  1351   42
 1696   -73  1351   42
 1709  -146  1391   38
 1710  -108  1391   38
 1711   -70  1391   38
 1724  -165  1429   38
 1725  -127  1429   38
 1726   -89  1429   38
 1739  -146  1467   38
 1740  -108  1467   38
 1741   -70  1467   38
######################
 1539  -560  1070   40
 1540  -520  1070   40
 1541  -480  1070   40
 1542  -440  1070   40
 1563  -540  1110   40
 1564  -500  1110   40
 1565  -460  1110   40
 1566  -420  1110   40
 1585  -560  1150   40
 1586  -520  1150   40
 1587  -480  1150   40
 1588  -440  1150   40
 1609  -540  1190   40
 1610  -500  1190   40
 1611  -460  1190   40
 1612  -420  1190   40
 1627  -560  1230   40
 1628  -520  1230   40
 1629  -480  1230   40
 1630  -440  1230   40
 1647  -540  1270   40
 1648  -500  1270   40
 1649  -460  1270   40
 1650  -420  1270   40
 1665  -560  1310   40
 1666  -520  1310   40
 1667  -480  1310   40
 1668  -440  1310   40
 1685  -535  1351   42
 1686  -493  1351   42
 1687  -451  1351   42
######################
 1541  -480  1070   40
 1542  -440  1070   40
 1543  -400  1070   40
 1544  -360  1070   40
 1565  -460  1110   40
 1566  -420  1110   40
 1567  -380  1110   40
 1568  -340  1110   40
 1587  -480  1150   40
 1588  -440  1150   40
 1589  -400  1150   40
 1590  -360  1150   40
 1611  -460  1190   40
 1612  -420  1190   40
 1613  -380  1190   40
 1614  -340  1190   40
 1629  -480  1230   40
 1630  -440  1230   40
 1631  -400  1230   40
 1632  -360  1230   40
 1649  -460  1270   40
 1650  -420  1270   40
 1651  -380  1270   40
 1652  -340  1270   40
 1667  -480  1310   40
 1668  -440  1310   40
 1669  -400  1310   40
 1670  -360  1310   40
 1687  -451  1351   42
 1688  -409  1351   42
 1689  -367  1351   42
######################
 1543  -400  1070   40
 1544  -360  1070   40
 1545  -320  1070   40
 1546  -280  1070   40
 1567  -380  1110   40
 1568  -340  1110   40
 1569  -300  1110   40
 1570  -260  1110   40
 1589  -400  1150   40
 1590  -360  1150   40
 1591  -320  1150   40
 1592  -280  1150   40
 1613  -380  1190   40
 1614  -340  1190   40
 1615  -300  1190   40
 1616  -260  1190   40
 1631  -400  1230   40
 1632  -360  1230   40
 1633  -320  1230   40
 1634  -280  1230   40
 1651  -380  1270   40
 1652  -340  1270   40
 1653  -300  1270   40
 1654  -260  1270   40
 1669  -400  1310   40
 1670  -360  1310   40
 1671  -320  1310   40
 1672  -280  1310   40
 1689  -367  1351   42
 1690  -325  1351   42
 1691  -283  1351   42
######################
 1549  -160  1070   40
 1550  -120  1070   40
 1551   -80  1070   40
 1552   -40  1070   40
 1573  -140  1110   40
 1574  -100  1110   40
 1575   -60  1110   40
 1576   -20  1110   40
 1595  -160  1150   40
 1596  -120  1150   40
 1597   -80  1150   40
 1598   -40  1150   40
 1619  -140  1190   40
 1620  -100  1190   40
 1621   -60  1190   40
 1622   -20  1190   40
 1637  -160  1230   40
 1638  -120  1230   40
 1639   -80  1230   40
 1640   -40  1230   40
 1657  -140  1270   40
 1658  -100  1270   40
 1659   -60  1270   40
 1660   -20  1270   40
 1675  -160  1310   40
 1676  -120  1310   40
 1677   -80  1310   40
 1678   -40  1310   40
 1694  -157  1351   42
 1695  -115  1351   42
 1696   -73  1351   42
######################
 1551   -80  1070   40
 1552   -40  1070   40
 1553     0  1070   40
 1554    40  1070   40
 1575   -60  1110   40
 1576   -20  1110   40
 1577    20  1110   40
 1578    60  1110   40
 1597   -80  1150   40
 1598   -40  1150   40
 1599     0  1150   40
 1600    40  1150   40
 1621   -60  1190   40
 1622   -20  1190   40
 1623    20  1190   40
 1624    60  1190   40
 1639   -80  1230   40
 1640   -40  1230   40
 1641     0  1230   40
 1642    40  1230   40
 1659   -60  1270   40
 1660   -20  1270   40
 1661    20  1270   40
 1662    60  1270   40
 1677   -80  1310   40
 1678   -40  1310   40
 1679     0  1310   40
 1680    40  1310   40
 1696   -73  1351   42
######################
 1553     0  1070   40
 1554    40  1070   40
 1555    80  1070   40
 1556   120  1070   40
 1577    20  1110   40
 1578    60  1110   40
 1579   100  1110   40
 1580   140  1110   40
 1599     0  1150   40
 1600    40  1150   40
 1601    80  1150   40
 1602   120  1150   40
 1623    20  1190   40
 1624    60  1190   40
 1625   100  1190   40
 1641     0  1230   40
 1642    40  1230   40
 1643    80  1230   40
 1644   120  1230   40
 1661    20  1270   40
 1662    60  1270   40
 1663   100  1270   40
 1679     0  1310   40
 1680    40  1310   40
 1681    80  1310   40
 1682   120  1310   40
######################
 1455     0   910   40
 1456    40   910   40
 1457    80   910   40
 1458   120   910   40
 1481    20   950   40
 1482    60   950   40
 1483   100   950   40
 1484   140   950   40
 1505     0   990   40
 1506    40   990   40
 1507    80   990   40
 1508   120   990   40
 1531    20  1030   40
 1532    60  1030   40
 1533   100  1030   40
 1534   140  1030   40
 1553     0  1070   40
 1554    40  1070   40
 1555    80  1070   40
 1556   120  1070   40
 1577    20  1110   40
 1578    60  1110   40
 1579   100  1110   40
 1580   140  1110   40
 1599     0  1150   40
 1600    40  1150   40
 1601    80  1150   40
 1602   120  1150   40
 1623    20  1190   40
 1624    60  1190   40
 1625   100  1190   40
######################
 1457    80   910   40
 1458   120   910   40
 1459   160   910   40
 1460   200   910   40
 1483   100   950   40
 1484   140   950   40
 1485   180   950   40
 1486   220   950   40
 1507    80   990   40
 1508   120   990   40
 1509   160   990   40
 1510   200   990   40
 1533   100  1030   40
 1534   140  1030   40
 1535   180  1030   40
 1536   220  1030   40
 1555    80  1070   40
 1556   120  1070   40
 1557   160  1070   40
 1558   200  1070   40
 1579   100  1110   40
 1580   140  1110   40
 1581   180  1110   40
 1582   220  1110   40
 1601    80  1150   40
 1602   120  1150   40
 1603   160  1150   40
 1604   200  1150   40
 1625   100  1190   40
######################
 1459   160   910   40
 1460   200   910   40
 1461   240   910   40
 1462   280   910   40
 1485   180   950   40
 1486   220   950   40
 1487   260   950   40
 1488   300   950   40
 1509   160   990   40
 1510   200   990   40
 1511   240   990   40
 1512   280   990   40
 1535   180  1030   40
 1536   220  1030   40
 1537   260  1030   40
 1557   160  1070   40
 1558   200  1070   40
 1559   240  1070   40
 1560   280  1070   40
 1581   180  1110   40
 1582   220  1110   40
 1583   260  1110   40
 1603   160  1150   40
 1604   200  1150   40
 1605   240  1150   40
 1606   280  1150   40
######################
 1347   160   750   40
 1348   200   750   40
 1349   240   750   40
 1350   280   750   40
 1377   180   790   40
 1378   220   790   40
 1379   260   790   40
 1380   300   790   40
 1405   160   830   40
 1406   200   830   40
 1407   240   830   40
 1408   280   830   40
 1435   180   870   40
 1436   220   870   40
 1437   260   870   40
 1438   300   870   40
 1459   160   910   40
 1460   200   910   40
 1461   240   910   40
 1462   280   910   40
 1485   180   950   40
 1486   220   950   40
 1487   260   950   40
 1488   300   950   40
 1509   160   990   40
 1510   200   990   40
 1511   240   990   40
 1512   280   990   40
 1535   180  1030   40
 1536   220  1030   40
 1537   260  1030   40
######################
 1349   240   750   40
 1350   280   750   40
 1351   320   750   40
 1352   360   750   40
 1379   260   790   40
 1380   300   790   40
 1381   340   790   40
 1382   380   790   40
 1407   240   830   40
 1408   280   830   40
 1409   320   830   40
 1410   360   830   40
 1437   260   870   40
 1438   300   870   40
 1439   340   870   40
 1461   240   910   40
 1462   280   910   40
 1463   320   910   40
 1464   360   910   40
 1487   260   950   40
 1488   300   950   40
 1489   340   950   40
 1511   240   990   40
 1512   280   990   40
 1513   320   990   40
 1514   360   990   40
 1537   260  1030   40
######################
 1233   240   590   40
 1234   280   590   40
 1235   320   590   40
 1236   360   590   40
 1263   260   630   40
 1264   300   630   40
 1265   340   630   40
 1266   380   630   40
 1291   240   670   40
 1292   280   670   40
 1293   320   670   40
 1294   360   670   40
 1321   260   710   40
 1322   300   710   40
 1323   340   710   40
 1324   380   710   40
 1349   240   750   40
 1350   280   750   40
 1351   320   750   40
 1352   360   750   40
 1379   260   790   40
 1380   300   790   40
 1381   340   790   40
 1382   380   790   40
 1407   240   830   40
 1408   280   830   40
 1409   320   830   40
 1410   360   830   40
 1437   260   870   40
 1438   300   870   40
 1439   340   870   40
######################
 1235   320   590   40
 1236   360   590   40
 1237   400   590   40
 1238   440   590   40
 1265   340   630   40
 1266   380   630   40
 1267   420   630   40
 1268   460   630   40
 1293   320   670   40
 1294   360   670   40
 1295   400   670   40
 1296   440   670   40
 1323   340   710   40
 1324   380   710   40
 1325   420   710   40
 1326   460   710   40
 1351   320   750   40
 1352   360   750   40
 1353   400   750   40
 1354   440   750   40
 1381   340   790   40
 1382   380   790   40
 1383   420   790   40
 1384   460   790   40
 1409   320   830   40
 1410   360   830   40
 1411   400   830   40
 1412   440   830   40
 1439   340   870   40
######################
 1237   400   590   40
 1238   440   590   40
 1239   480   590   40
 1240   520   590   40
 1267   420   630   40
 1268   460   630   40
 1269   500   630   40
 1295   400   670   40
 1296   440   670   40
 1297   480   670   40
 1298   520   670   40
 1325   420   710   40
 1326   460   710   40
 1327   500   710   40
 1353   400   750   40
 1354   440   750   40
 1355   480   750   40
 1356   520   750   40
 1383   420   790   40
 1384   460   790   40
 1385   500   790   40
 1411   400   830   40
 1412   440   830   40
 1413   480   830   40
 1414   520   830   40
######################
 1096  -520   430   40
 1097  -480   430   40
 1125  -540   470   40
 1126  -500   470   40
 1154  -520   510   40
 1155  -480   510   40
 1183  -620   550   40
 1184  -580   550   40
 1185  -540   550   40
 1186  -500   550   40
 1212  -600   590   40
 1213  -560   590   40
 1214  -520   590   40
 1215  -480   590   40
 1241  -620   630   40
 1242  -580   630   40
 1243  -540   630   40
 1244  -500   630   40
 1270  -600   670   40
 1271  -560   670   40
 1272  -520   670   40
 1273  -480   670   40
 1299  -620   710   40
 1300  -580   710   40
 1301  -540   710   40
 1302  -500   710   40
######################
 1119   400   430   40
 1120   440   430   40
 1121   480   430   40
 1122   520   430   40
 1149   420   470   40
 1150   460   470   40
 1151   500   470   40
 1152   540   470   40
 1177   400   510   40
 1178   440   510   40
 1179   480   510   40
 1180   520   510   40
 1209   420   550   40
 1210   460   550   40
 1211   500   550   40
 1237   400   590   40
 1238   440   590   40
 1239   480   590   40
 1240   520   590   40
 1267   420   630   40
 1268   460   630   40
 1269   500   630   40
 1295   400   670   40
 1296   440   670   40
 1297   480   670   40
 1298   520   670   40
 1325   420   710   40
 1326   460   710   40
 1327   500   710   40
######################
  986  -440   270   40
  987  -400   270   40
 1013  -460   310   40
 1014  -420   310   40
 1040  -440   350   40
 1041  -400   350   40
 1067  -540   390   40
 1068  -500   390   40
 1069  -460   390   40
 1070  -420   390   40
 1096  -520   430   40
 1097  -480   430   40
 1098  -440   430   40
 1099  -400   430   40
 1125  -540   470   40
 1126  -500   470   40
 1127  -460   470   40
 1128  -420   470   40
 1154  -520   510   40
 1155  -480   510   40
 1156  -440   510   40
 1157  -400   510   40
 1185  -540   550   40
 1186  -500   550   40
 1187  -460   550   40
 1188  -420   550   40
######################
 1007   400   270   40
 1008   440   270   40
 1009   480   270   40
 1010   520   270   40
 1035   420   310   40
 1036   460   310   40
 1037   500   310   40
 1038   540   310   40
 1061   400   350   40
 1062   440   350   40
 1063   480   350   40
 1064   520   350   40
 1091   420   390   40
 1092   460   390   40
 1093   500   390   40
 1094   540   390   40
 1119   400   430   40
 1120   440   430   40
 1121   480   430   40
 1122   520   430   40
 1149   420   470   40
 1150   460   470   40
 1151   500   470   40
 1152   540   470   40
 1177   400   510   40
 1178   440   510   40
 1179   480   510   40
 1180   520   510   40
 1209   420   550   40
 1210   460   550   40
 1211   500   550   40
######################
 1009   480   270   40
 1010   520   270   40
 1011   560   270   40
 1012   600   270   40
 1037   500   310   40
 1038   540   310   40
 1039   580   310   40
 1063   480   350   40
 1064   520   350   40
 1065   560   350   40
 1066   600   350   40
 1093   500   390   40
 1094   540   390   40
 1095   580   390   40
 1121   480   430   40
 1122   520   430   40
 1123   560   430   40
 1124   600   430   40
 1151   500   470   40
 1152   540   470   40
 1153   580   470   40
 1179   480   510   40
 1180   520   510   40
 1181   560   510   40
 1182   600   510   40
 1211   500   550   40
######################
  908   486   103   42
  909   528   103   42
  910   570   103   42
  934   507   145   42
  935   549   145   42
  958   486   187   42
  959   528   187   42
  960   570   187   42
  984   507   229   42
  985   549   229   42
 1009   480   270   40
 1010   520   270   40
 1011   560   270   40
 1012   600   270   40
 1037   500   310   40
 1038   540   310   40
 1039   580   310   40
 1063   480   350   40
 1064   520   350   40
 1065   560   350   40
 1066   600   350   40
 1093   500   390   40
 1094   540   390   40
 1095   580   390   40
######################
  834   507   -23   42
  835   549   -23   42
  858   486    19   42
  859   528    19   42
  860   570    19   42
  884   507    61   42
  885   549    61   42
  908   486   103   42
  909   528   103   42
  910   570   103   42
  934   507   145   42
  935   549   145   42
  958   486   187   42
  959   528   187   42
  960   570   187   42
  984   507   229   42
  985   549   229   42
 1009   480   270   40
 1010   520   270   40
 1011   560   270   40
 1012   600   270   40
######################
  734   507  -191   42
  735   549  -191   42
  758   486  -149   42
  759   528  -149   42
  760   570  -149   42
  784   507  -107   42
  785   549  -107   42
  808   486   -65   42
  809   528   -65   42
  810   570   -65   42
  834   507   -23   42
  835   549   -23   42
  858   486    19   42
  859   528    19   42
  860   570    19   42
  884   507    61   42
  885   549    61   42
  908   486   103   42
  909   528   103   42
  910   570   103   42
######################
  632   511  -359   42
  633   553  -359   42
  658   490  -317   42
  659   532  -317   42
  660   574  -317   42
  684   507  -275   42
  685   549  -275   42
  708   486  -233   42
  709   528  -233   42
  710   570  -233   42
  734   507  -191   42
  735   549  -191   42
  758   486  -149   42
  759   528  -149   42
  760   570  -149   42
  784   507  -107   42
  785   549  -107   42
  808   486   -65   42
  809   528   -65   42
  810   570   -65   42
######################
  501  -535  -527   42
  502  -493  -527   42
  503  -451  -527   42
  504  -409  -527   42
  527  -556  -485   42
  528  -514  -485   42
  529  -472  -485   42
  530  -430  -485   42
  553  -539  -443   42
  554  -497  -443   42
  555  -455  -443   42
  556  -413  -443   42
  580  -518  -401   42
  581  -476  -401   42
  582  -434  -401   42
  583  -392  -401   42
  607  -539  -359   42
  608  -497  -359   42
  609  -455  -359   42
  610  -413  -359   42
  634  -518  -317   42
  635  -476  -317   42
  636  -434  -317   42
  637  -392  -317   42
  661  -459  -275   42
  662  -417  -275   42
  686  -438  -233   42
  687  -396  -233   42
######################
  524   431  -527   42
  525   473  -527   42
  550   410  -485   42
  551   452  -485   42
  552   494  -485   42
  576   427  -443   42
  577   469  -443   42
  578   511  -443   42
  579   553  -443   42
  602   406  -401   42
  603   448  -401   42
  604   490  -401   42
  605   532  -401   42
  630   427  -359   42
  631   469  -359   42
  632   511  -359   42
  633   553  -359   42
  656   406  -317   42
  657   448  -317   42
  658   490  -317   42
  659   532  -317   42
  682   423  -275   42
  683   465  -275   42
  684   507  -275   42
  685   549  -275   42
  706   402  -233   42
  707   444  -233   42
  708   486  -233   42
  709   528  -233   42
######################
  525   473  -527   42
  552   494  -485   42
  578   511  -443   42
  579   553  -443   42
  604   490  -401   42
  605   532  -401   42
  606   574  -401   42
  632   511  -359   42
  633   553  -359   42
  658   490  -317   42
  659   532  -317   42
  660   574  -317   42
  684   507  -275   42
  685   549  -275   42
  708   486  -233   42
  709   528  -233   42
  710   570  -233   42
######################
  391  -619  -695   42
  392  -577  -695   42
  393  -535  -695   42
  394  -493  -695   42
  418  -598  -653   42
  419  -556  -653   42
  420  -514  -653   42
  421  -472  -653   42
  445  -619  -611   42
  446  -577  -611   42
  447  -535  -611   42
  448  -493  -611   42
  472  -598  -569   42
  473  -556  -569   42
  474  -514  -569   42
  475  -472  -569   42
  499  -619  -527   42
  500  -577  -527   42
  501  -535  -527   42
  502  -493  -527   42
  526  -598  -485   42
  527  -556  -485   42
  528  -514  -485   42
  529  -472  -485   42
  553  -539  -443   42
  554  -497  -443   42
  580  -518  -401   42
  581  -476  -401   42
######################
  416   431  -695   42
  417   473  -695   42
  442   410  -653   42
  443   452  -653   42
  444   494  -653   42
  470   431  -611   42
  471   473  -611   42
  496   410  -569   42
  497   452  -569   42
  498   494  -569   42
  524   431  -527   42
  525   473  -527   42
  550   410  -485   42
  551   452  -485   42
  552   494  -485   42
  576   427  -443   42
  577   469  -443   42
  578   511  -443   42
  579   553  -443   42
  602   406  -401   42
  603   448  -401   42
  604   490  -401   42
  605   532  -401   42
######################
  334   242  -821   42
  335   284  -821   42
  336   326  -821   42
  358   263  -779   42
  359   305  -779   42
  360   347  -779   42
  361   389  -779   42
  384   242  -737   42
  385   284  -737   42
  386   326  -737   42
  387   368  -737   42
  412   263  -695   42
  413   305  -695   42
  414   347  -695   42
  415   389  -695   42
  438   242  -653   42
  439   284  -653   42
  440   326  -653   42
  441   368  -653   42
  466   263  -611   42
  467   305  -611   42
  468   347  -611   42
  469   389  -611   42
  492   242  -569   42
  493   284  -569   42
  494   326  -569   42
  495   368  -569   42
  520   263  -527   42
  521   305  -527   42
  522   347  -527   42
  523   389  -527   42
######################
  336   326  -821   42
  360   347  -779   42
  361   389  -779   42
  362   431  -779   42
  363   473  -779   42
  386   326  -737   42
  387   368  -737   42
  388   410  -737   42
  389   452  -737   42
  414   347  -695   42
  415   389  -695   42
  416   431  -695   42
  417   473  -695   42
  440   326  -653   42
  441   368  -653   42
  442   410  -653   42
  443   452  -653   42
  468   347  -611   42
  469   389  -611   42
  470   431  -611   42
  471   473  -611   42
  494   326  -569   42
  495   368  -569   42
  496   410  -569   42
  497   452  -569   42
  522   347  -527   42
  523   389  -527   42
  524   431  -527   42
  525   473  -527   42
######################
  362   431  -779   42
  363   473  -779   42
  388   410  -737   42
  389   452  -737   42
  390   494  -737   42
  416   431  -695   42
  417   473  -695   42
  442   410  -653   42
  443   452  -653   42
  444   494  -653   42
  470   431  -611   42
  471   473  -611   42
  496   410  -569   42
  497   452  -569   42
  498   494  -569   42
  524   431  -527   42
  525   473  -527   42
######################
  242   158  -989   42
  243   200  -989   42
  244   242  -989   42
  264   179  -947   42
  265   221  -947   42
  266   263  -947   42
  267   305  -947   42
  286   158  -905   42
  287   200  -905   42
  288   242  -905   42
  289   284  -905   42
  310   179  -863   42
  311   221  -863   42
  312   263  -863   42
  313   305  -863   42
  332   158  -821   42
  333   200  -821   42
  334   242  -821   42
  335   284  -821   42
  356   179  -779   42
  357   221  -779   42
  358   263  -779   42
  359   305  -779   42
  382   158  -737   42
  383   200  -737   42
  384   242  -737   42
  385   284  -737   42
  410   179  -695   42
  411   221  -695   42
  412   263  -695   42
  413   305  -695   42
######################
  244   242  -989   42
  266   263  -947   42
  267   305  -947   42
  288   242  -905   42
  289   284  -905   42
  290   326  -905   42
  312   263  -863   42
  313   305  -863   42
  334   242  -821   42
  335   284  -821   42
  336   326  -821   42
  358   263  -779   42
  359   305  -779   42
  360   347  -779   42
  361   389  -779   42
  384   242  -737   42
  385   284  -737   42
  386   326  -737   42
  387   368  -737   42
  412   263  -695   42
  413   305  -695   42
  414   347  -695   42
  415   389  -695   42
######################
  158    32 -1157   42
  159    74 -1157   42
  160   116 -1157   42
  176    11 -1115   42
  177    53 -1115   42
  178    95 -1115   42
  179   137 -1115   42
  197    32 -1073   42
  198    74 -1073   42
  199   116 -1073   42
  200   158 -1073   42
  218    11 -1031   42
  219    53 -1031   42
  220    95 -1031   42
  221   137 -1031   42
  239    32  -989   42
  240    74  -989   42
  241   116  -989   42
  242   158  -989   42
  260    11  -947   42
  261    53  -947   42
  262    95  -947   42
  263   137  -947   42
  283    32  -905   42
  284    74  -905   42
  285   116  -905   42
  286   158  -905   42
  306    11  -863   42
  307    53  -863   42
  308    95  -863   42
  309   137  -863   42
######################
  159    74 -1157   42
  160   116 -1157   42
  178    95 -1115   42
  179   137 -1115   42
  180   179 -1115   42
  181   221 -1115   42
  198    74 -1073   42
  199   116 -1073   42
  200   158 -1073   42
  201   200 -1073   42
  220    95 -1031   42
  221   137 -1031   42
  222   179 -1031   42
  223   221 -1031   42
  240    74  -989   42
  241   116  -989   42
  242   158  -989   42
  243   200  -989   42
  262    95  -947   42
  263   137  -947   42
  264   179  -947   42
  265   221  -947   42
  284    74  -905   42
  285   116  -905   42
  286   158  -905   42
  287   200  -905   42
  308    95  -863   42
  309   137  -863   42
  310   179  -863   42
  311   221  -863   42
######################
  180   179 -1115   42
  181   221 -1115   42
  200   158 -1073   42
  201   200 -1073   42
  202   242 -1073   42
  222   179 -1031   42
  223   221 -1031   42
  242   158  -989   42
  243   200  -989   42
  244   242  -989   42
  264   179  -947   42
  265   221  -947   42
  266   263  -947   42
  267   305  -947   42
  286   158  -905   42
  287   200  -905   42
  288   242  -905   42
  289   284  -905   42
  310   179  -863   42
  311   221  -863   42
  312   263  -863   42
  313   305  -863   42
######################
   86  -136 -1325   42
   87   -94 -1325   42
   88   -52 -1325   42
  100  -157 -1283   42
  101  -115 -1283   42
  102   -73 -1283   42
  103   -31 -1283   42
  118  -136 -1241   42
  119   -94 -1241   42
  120   -52 -1241   42
  121   -10 -1241   42
  136  -157 -1199   42
  137  -115 -1199   42
  138   -73 -1199   42
  139   -31 -1199   42
  154  -136 -1157   42
  155   -94 -1157   42
  156   -52 -1157   42
  157   -10 -1157   42
  172  -157 -1115   42
  173  -115 -1115   42
  174   -73 -1115   42
  175   -31 -1115   42
  193  -136 -1073   42
  194   -94 -1073   42
  195   -52 -1073   42
  196   -10 -1073   42
  214  -157 -1031   42
  215  -115 -1031   42
  216   -73 -1031   42
  217   -31 -1031   42
######################
   88   -52 -1325   42
  102   -73 -1283   42
  103   -31 -1283   42
  104    11 -1283   42
  105    53 -1283   42
  120   -52 -1241   42
  121   -10 -1241   42
  122    32 -1241   42
  123    74 -1241   42
  138   -73 -1199   42
  139   -31 -1199   42
  140    11 -1199   42
  141    53 -1199   42
  156   -52 -1157   42
  157   -10 -1157   42
  158    32 -1157   42
  159    74 -1157   42
  174   -73 -1115   42
  175   -31 -1115   42
  176    11 -1115   42
  177    53 -1115   42
  195   -52 -1073   42
  196   -10 -1073   42
  197    32 -1073   42
  198    74 -1073   42
  216   -73 -1031   42
  217   -31 -1031   42
  218    11 -1031   42
  219    53 -1031   42
######################
  104    11 -1283   42
  105    53 -1283   42
  106    95 -1283   42
  122    32 -1241   42
  123    74 -1241   42
  124   116 -1241   42
  140    11 -1199   42
  141    53 -1199   42
  142    95 -1199   42
  158    32 -1157   42
  159    74 -1157   42
  160   116 -1157   42
  176    11 -1115   42
  177    53 -1115   42
  178    95 -1115   42
  179   137 -1115   42
  197    32 -1073   42
  198    74 -1073   42
  199   116 -1073   42
  200   158 -1073   42
  218    11 -1031   42
  219    53 -1031   42
  220    95 -1031   42
  221   137 -1031   42
######################
   25  -518 -1493   42
   26  -476 -1493   42
   33  -619 -1451   42
   34  -577 -1451   42
   35  -535 -1451   42
   36  -493 -1451   42
   47  -598 -1409   42
   48  -556 -1409   42
   49  -514 -1409   42
   50  -472 -1409   42
   61  -619 -1367   42
   62  -577 -1367   42
   63  -535 -1367   42
   64  -493 -1367   42
   75  -598 -1325   42
   76  -556 -1325   42
   77  -514 -1325   42
   78  -472 -1325   42
   89  -619 -1283   42
   90  -577 -1283   42
   91  -535 -1283   42
   92  -493 -1283   42
  107  -598 -1241   42
  108  -556 -1241   42
  109  -514 -1241   42
  110  -472 -1241   42
  125  -619 -1199   42
  126  -577 -1199   42
  127  -535 -1199   42
  128  -493 -1199   42
######################
   30  -308 -1493   42
   31  -266 -1493   42
   32  -224 -1493   42
   41  -283 -1451   42
   42  -241 -1451   42
   43  -199 -1451   42
   44  -157 -1451   42
   54  -304 -1409   42
   55  -262 -1409   42
   56  -220 -1409   42
   57  -178 -1409   42
   69  -283 -1367   42
   70  -241 -1367   42
   71  -199 -1367   42
   72  -157 -1367   42
   82  -304 -1325   42
   83  -262 -1325   42
   84  -220 -1325   42
   85  -178 -1325   42
   97  -283 -1283   42
   98  -241 -1283   42
   99  -199 -1283   42
  100  -157 -1283   42
  114  -304 -1241   42
  115  -262 -1241   42
  116  -220 -1241   42
  117  -178 -1241   42
  133  -283 -1199   42
  134  -241 -1199   42
  135  -199 -1199   42
  136  -157 -1199   42
######################
   32  -224 -1493   42
   42  -241 -1451   42
   43  -199 -1451   42
   44  -157 -1451   42
   45  -115 -1451   42
   56  -220 -1409   42
   57  -178 -1409   42
   58  -136 -1409   42
   59   -94 -1409   42
   70  -241 -1367   42
   71  -199 -1367   42
   72  -157 -1367   42
   73  -115 -1367   42
   84  -220 -1325   42
   85  -178 -1325   42
   86  -136 -1325   42
   87   -94 -1325   42
   98  -241 -1283   42
   99  -199 -1283   42
  100  -157 -1283   42
  101  -115 -1283   42
  116  -220 -1241   42
  117  -178 -1241   42
  118  -136 -1241   42
  119   -94 -1241   42
  134  -241 -1199   42
  135  -199 -1199   42
  136  -157 -1199   42
  137  -115 -1199   42
######################
   44  -157 -1451   42
   45  -115 -1451   42
   46   -73 -1451   42
   58  -136 -1409   42
   59   -94 -1409   42
   60   -52 -1409   42
   72  -157 -1367   42
   73  -115 -1367   42
   74   -73 -1367   42
   86  -136 -1325   42
   87   -94 -1325   42
   88   -52 -1325   42
  100  -157 -1283   42
  101  -115 -1283   42
  102   -73 -1283   42
  103   -31 -1283   42
  118  -136 -1241   42
  119   -94 -1241   42
  120   -52 -1241   42
  121   -10 -1241   42
  136  -157 -1199   42
  137  -115 -1199   42
  138   -73 -1199   42
  139   -31 -1199   42
  154  -136 -1157   42
  155   -94 -1157   42
  156   -52 -1157   42
  157   -10 -1157   42
######################
    7  -287 -1619   42
    8  -245 -1619   42
   14  -308 -1577   42
   15  -266 -1577   42
   16  -224 -1577   42
   23  -287 -1535   42
   24  -245 -1535   42
   30  -308 -1493   42
   31  -266 -1493   42
   32  -224 -1493   42
   41  -283 -1451   42
   42  -241 -1451   42
   43  -199 -1451   42
   44  -157 -1451   42
   54  -304 -1409   42
   55  -262 -1409   42
   56  -220 -1409   42
   57  -178 -1409   42
   69  -283 -1367   42
   70  -241 -1367   42
   71  -199 -1367   42
   72  -157 -1367   42
   82  -304 -1325   42
   83  -262 -1325   42
   84  -220 -1325   42
   85  -178 -1325   42
######################
