 3297.85   140.045   2947.74
 3240.94   194.463   2754.78
 3161.43   215.496   2622.69
 3087.68   183.236   2629.59
 3162.66   202.808   2655.64
 3135.07   220.206   2584.56
 3054.49   239.036    2456.9
 2997.62   232.568    2416.2
 2899.03   249.159   2276.13
  2781.4   231.975   2201.47
 2623.15   313.056   1840.51
  3293.8   261.154   2640.92
 3232.23   277.113   2539.45
 3131.61   252.991   2499.13
 3081.94   220.758   2530.04
 2980.64   235.286   2392.42
 2909.77    221.92   2354.97
 2830.71   235.251   2242.59
 2706.75   251.898      2077
 2531.83   336.494   1690.59
 3415.35   277.861    2720.7
 3366.11   297.332   2622.78
 3230.32   309.301   2457.07
 3147.03   254.859   2509.88
  3066.7   233.318   2483.41
  2967.4   260.184   2316.94
 2913.73   235.165   2325.82
 2782.35   272.612   2100.82
 2689.03   246.938   2071.69
 2620.86   214.465    2084.7
 2568.78   231.987   1988.81
 3524.34   371.116   2596.55
 3475.18   337.001   2632.68
 3383.11   279.186   2685.14
 3252.93   272.077   2572.74
 3163.16   269.703    2488.9
  3055.7   268.403   2384.69
 2961.52   254.362   2325.62
 2873.17   263.826    2213.6
 2797.83   230.822   2220.77
 2703.16   206.966   2185.74
 2612.43   201.981   2107.48
 2509.01   250.523    1882.7
 3676.92   291.048    2949.3
 3648.86   284.552   2937.48
 3549.23   281.301   2845.98
 3400.64   295.865   2660.97
 3256.04   296.928   2513.72
 3143.94    296.59   2402.47
 3030.52   277.733   2336.19
 2933.63   241.611    2329.6
 2835.13   258.361   2189.23
 2739.98   251.829   2110.41
 2660.65   228.692   2088.92
 2579.41   198.679   2082.71
 2498.64   207.587   1979.67
 2451.84    270.41   1775.82
 3623.06   375.198   2685.06
 3700.78   334.793    2863.8
 3624.86       287   2907.36
 3501.67   276.269      2811
 3378.77   267.862   2709.11
  3247.2   271.342   2568.85
 3116.28   262.365   2460.37
 2996.76   252.779   2364.81
 2881.71   299.851   2132.09
 2791.08   250.774   2164.15
  2715.5   237.111   2122.73
 2602.94   232.275   2022.26
 2526.49   216.701   1984.74
 2447.31   232.936   1864.97
 3651.14    338.53   2804.81
 3641.95   306.868   2874.78
 3566.74   311.408   2788.22
 3462.01     274.6   2775.51
 3332.21   309.201   2559.21
 3187.35   290.213   2461.82
 3060.94   302.988   2303.47
 2947.06   267.824   2277.51
 2837.76   274.385    2151.8
 2733.07    247.68   2113.87
 2632.47   221.228    2079.4
  2545.8   231.734   1966.46
 2486.96   237.932   1892.13
 2417.88   245.685   1803.67
 3467.29   291.414   2738.76
 3455.23   297.543   2711.38
    3349   318.271   2553.32
 3215.99   325.971   2401.06
 3094.26   288.741   2372.41
 2977.16   274.797   2290.17
 2847.32   289.125    2124.5
 2725.12    281.64   2021.02
 2613.97   276.738   1922.13
 2496.29    267.75   1826.92
 2422.04   264.003   1762.04
 2354.31   232.376   1773.37
  2297.3   264.854   1635.16
 3374.24   263.567   2715.32
 3350.65   255.785   2711.19
 3242.92   267.548   2574.05
 3113.88   261.449   2460.26
 2987.07   246.119   2371.77
 2896.57   222.727   2339.75
 2767.13   235.288   2178.91
 2645.63   240.458   2044.48
 2533.71    226.87   1966.53
 2450.73   207.904   1930.97
 2375.43   207.705   1856.16
 2303.65   198.306   1807.89
 2213.95   259.365   1565.53
 3361.14   250.074   2735.96
 3343.34    227.73   2774.02
 3235.07   242.139   2629.72
 3116.16    242.74   2509.31
 2987.21   252.068   2357.04
 2881.61   244.391   2270.63
 2756.67   260.483   2105.46
 2623.52   244.992   2011.04
 2522.48   235.776   1933.04
 2424.54   217.918   1879.74
 2365.17    203.84   1855.57
 2285.43   221.248   1732.31
 2155.27   327.269   1337.09
 3343.45   269.416   2669.91
 3332.37   246.014   2717.33
 3236.55    249.32   2613.25
 3093.35   268.654   2421.71
  2989.6    244.45   2378.48
 2879.05   247.856   2259.41
 2756.45    259.13   2108.62
 2610.47    246.54   1994.12
 2510.69   231.035    1933.1
 2411.55   218.997   1864.06
 2342.05   204.914   1829.76
 2280.94   224.648   1719.32
 2188.89   247.019   1571.34
 3362.09   283.702   2652.83
 3359.77   271.734   2680.43
 3300.64   254.518   2664.34
 3193.89   266.161   2528.49
 3063.76   277.228   2370.69
 2963.94   261.085   2311.23
 2826.23   271.487   2147.52
  2699.4   246.239   2083.81
 2586.72   237.793   1992.24
 2493.09   221.151   1940.22
  2412.7   210.975   1885.26
 2349.37   200.536   1848.03
 2266.91   210.696   1740.17
 2121.89   327.187   1303.92
 3378.13   324.562   2566.72
 3441.15    246.35   2825.28
 3356.48   263.085   2698.77
 3234.41   282.589   2527.94
 3107.68   278.655   2411.04
 3012.22   262.793   2355.24
 2895.73   255.221   2257.68
 2761.51   259.524    2112.7
 2639.74   233.944   2054.87
  2553.4   220.201    2002.9
 2462.26   216.654   1920.63
 2389.42   222.984   1831.96
 2289.93   224.789   1727.96
 2200.67   223.131   1642.84
 3440.47    293.65   2706.34
 3420.21   262.841   2763.11
  3311.6   269.384   2638.14
 3174.53   266.234   2508.95
 3068.22   247.034   2450.63
 2968.26   246.768   2351.34
 2860.54   237.394   2267.05
 2735.93    254.25   2100.31
 2613.13   228.454      2042
 2516.17    222.38   1960.22
 2425.51   222.472   1869.33
 2347.84   213.467   1814.17
  2272.1   212.686   1740.38
 2176.81   241.391   1573.34
 3320.06   289.595   2596.07
 3312.33   258.532      2666
  3190.2   270.427   2514.13
 3080.42    252.57      2449
 3001.78   231.281   2423.57
 2877.02    276.53    2185.7
 2776.79   251.776   2147.35
 2655.59   258.604   2009.08
 2554.77   225.015   1992.23
 2496.09   217.877    1951.4
 2416.83   237.039   1824.24
 2291.75   294.123   1556.45
  3158.1   331.557   2329.21
 3151.11   300.229   2400.54
 3076.31   269.242   2403.21
 2951.11   254.122   2315.81
 2830.85   250.953   2203.47
 2765.98    228.53   2194.66
  2694.6   230.865   2117.44
  2610.5   223.355   2052.11
 2516.98   210.601   1990.48
 2459.78   191.019   1982.23
 2294.36   346.027   1429.29
 3037.83   327.122   2220.02
  3033.7   247.125   2415.89
 2923.56   257.014   2281.03
 2806.04   259.384   2157.58
  2740.2   253.172   2107.27
  2696.1   220.408   2145.08
 2640.15   220.653   2088.51
 2554.97   212.561   2023.57
 2463.13   207.854   1943.49
 2385.96   312.559   1604.56
 2947.62   215.501   2408.87
 2869.11   205.941   2354.25
 2776.08   226.607   2209.56
 2689.35   210.334   2163.51
 2647.95    209.03   2125.37
  2576.2   211.266   2048.03
 2525.34   389.985   1550.37
 2801.75   175.899   2362.01
 2740.41   193.881   2255.71
 2629.88   253.527   1996.06
